0
0
-0.06834145410311587
0.1477528309237467
0.28298192978656894
0.3854805929620694
-0.011603175682535216
-0.0683225443333424
-0.06833160184693798
-0.011606085818735123
-0.011562456699531931
0.0800032984376946
-0.06833661446574757
-0.011612746121505202
-0.01160973968095158
-0.011607484306965898
-0.06833330134301252
-0.0683323360563417
-0.011589320048224439
0.25417678611967576
0.2562699821376248
0.019359641017969498
-0.011614372000218864
-0.011595897012124712
-0.06832991601450289
-0.011575138832983556
-0.06833718821807189
-0.011612357892235914
0.06835369708091288
-0.011612397101286476
0.1755576215993132
0.22875792923199795
0.26614238173844096
0.3818238214031216
-0.0683233199437493
0.450857587711234
-0.01157111971317859
-0.016879830236738558
0.02052708967839223
-0.06833238092108651
-0.011564030266043357
-0.011565452821436839
0.16916893190428617
-0.011593497933483632
-0.011587612637127598
-0.011578577544948732
-0.011578384156091026
0.2845496097883379
0.03970262729716845
-0.011605026180738442
-0.06834384388527615
-0.01158624344079573
-0.011530084417078701
-0.011631166634988976
-0.011621916516409425
-0.011591674434964894
-0.01155575775987372
-0.011568666940383387
-0.011584187835603221
-0.011546875028200398
-0.011577480433776155
-0.011586984239291165
-0.011587914960858758
-0.011606842964611674
-0.06833725958359138
-0.06834392563923763
-0.0115777417123899
-0.06833956465607582
-0.011564826754332236
-0.011549679116687916
-0.011601114770366738
-0.011638890802850854
-0.011586415808590989
-0.01153822955309447
-0.011548091666445326
-0.011570368501059525
-0.011556788352617309
0.05927076204556547
-0.011560773019169357
-0.011557885500327325
-0.011610936480420442
-0.011569260565995942
-0.011563955751983213
-0.011565474714041124
-0.011578329632484397
0.06118218150547139
-0.011563244108880877
-0.01156628148341321
-0.011577268801510221
-0.011572065823776123
-0.011561055632282047
-0.006638480873339958
-0.011563492227699812
0.07261006575059781
-0.011576814823852533
-0.0115570479034095
-0.01155709665877036
-0.011552063763935583
-0.011559221939236308
-0.011555477503631284
-0.0115655244642765
-0.06831565373777804
-0.011586476128117695
-0.01156059993452585
-0.011591971092574926
-0.011563066949012657
-0.011564877251762584
-0.06833417244682272
-0.011552368003725833
-0.011575975793609583
-0.011576465999716068
-0.06834045889566498
0.06744667640711743
-0.01160154466930352
0.04621600947186333
0.05314315740713138
-0.06834387381097973
0.05157548536473111
0.06625343228313174
0.026620635752755084
-0.01155580157184577
-0.011681586304869707
0.048965988880536826
0.06140507482624924
0.05308640263516595
0.05680786409479466
0.05479527843368337
0.05541507875217899
-0.011610579205779459
0.05298668700114528
0.05703624568748056
-0.06834277386016441
0.07010753476209863
-0.06834280856858499
0.056740940383834926
-0.06833056841036589
0.055672302560149434
-0.04302428629075972
-0.06831986149503799
0.07462945441449698
0.06125601163474237
0.06274147539922958
0.06273596825306438
0.07071983441322205
-0.06834001533547729
-0.06833784278197252
0.07601218942671384
0.21677867856749822
0.22091800269826878
0.07224524656084041
0.08079878051262479
0.1323574640519336
0.09067288536723739
0.08985460984746774
-0.011564942655979404
-0.011580384483494632
0.0837423746302306
-0.06831719017912896
-0.06833017061510405
0.08490260609742406
-0.011584191609321226
0.08529989383244496
-0.06831466052797852
-0.011613616935233328
0.17438939074030801
0.06264237066078115
-0.06832525951355073
0.24886737024437944
0.16024035381039792
0.1928151997986446
0.2404629632071834
-0.06833970164713599
-0.0683404463813454
0.2712237319355094
0.10453759867794354
0.20280995420444026
-0.06834053394585782
0.10239726651805858
0.5344690850332704
0.5521070637407334
0.17560766699129715
0.31227265047861075
0.07274523760948914
0.6575027642165205
0.4289082514346502
0.2720808962585115
0.6625610582020691
0.35688081182555986
0.6064745908190412
0.175571416452582
0.1422267275990441
0.2536738680608772
0.18576797441017356
0.28248834461129385
0.3242571228767271
0.21007465303195916
0.5377298981070238
0.17557067993846975
0.14814773044826268
0.276090279405776
0.12433413982934238
0.17558023068426776
0.40132923644160196
0.663596259668432
0.1755577921124304
0.17556866666739857
0.17556727651802473
0.17562075797823617
0.2857920706970551
0.1755920698659773
0.6735701839463928
0.13663339616878556
-0.06832234502175505
0.09919460122031332
-0.06834375657959657
-0.06833700893061845
0.14261058480773203
-0.06834382898762692
0.06553627504759396
0.019645742068000405
0.05953077882414737
-0.06834067379297681
-0.06834369076651492
0.14816683990663337
-0.06833131736557319
-0.06833216025066724
0.15393242515500227
0.2194356013483777
-0.06834229090448729
-0.06834398065783764
-0.06833541055451053
-0.06833204591144648
0.032744942281553446
-0.0683418032716192
-0.06834244968729253
-0.06831459805189677
-0.06834035871962074
0.06779680554294287
-0.05349691826165104
0.06035857850731208
0.044927328303082326
-0.06834343402560239
0.09388027108014141
0.14662615157804537
-0.0683438426090659
0.0835933187641934
-0.0683400763551919
-0.06833607788740792
-0.06834385711499202
-0.06831275042251528
0.20190992657860551
-0.06834214534631511
0.10145810403109257
-0.012150015895857291
0.1769285404802906
0.23646301108147233
0.6389318596948225
0.28756137803259524
0.21134172797136563
0.08399503022302734
0.6612451827289192
0.35776179609557157
0.1348530755402828
0.14217006728551074
0.6716682046598134
0.1310697741836656
0.14214741528007901
0.246964612194623
0.14348851327291656
0.14214551775189488
0.18536927165833783
0.6714040418848645
0.6219531162693306
0.4310405663260876
0.5236050631026442
0.19673423812392554
0.13795623747853014
0.16732692325716636
0.14214676398444404
0.280634573367952
0.6651923858894963
0.20005565428040606
0.48474011482815405
0.42056239729141215
0.14306695273514858
0.14214517405857074
-0.010554381367582466
0.04989492980461763
0.6725212771349776
0.6226499478802463
0.6683074819101914
0.672392822821556
0.5839982294412048
0.11186303398997488
0.14810094735336998
0.14727650460106645
0.6144447780759397
0.6392542600891724
0.6297569631028377
0.14090772206439084
0.5039483291230469
0.3651277070676917
0.4538277728468462
0.6355509600635999
0.6723468082970376
0.49262748873007456
0.5607804792050458
0.46350050035714535
0.2533887762074225
0.5460573693851412
0.5176246311005971
0.4036525505018895
0.5767270143448462
0.26513670932992
0.19281379109073393
0.17844662330289618
0.6593001360685217
0.6153418150953816
0.4732693781043693
0.41813718209880746
0.40716113320693464
0.3378979162562193
0.3038979558062168
0.37071625864505553
-0.0606837906990042
0.5361628936965654
0.5026193948516992
0.5119207987489901
0.5256728996185472
0.5161544757334424
0.6630938291851323
0.49579177674792035
0.5379369937204658
0.14789832669202607
0.3255245584001127
0.5342316739738615
0.21155379837284594
0.3865069598441708
0.22287039055431235
0.25956010349046527
0.43927311598764096
0.17130791978178506
0.22558170205533623
0.40327969610012104
0.5313264021614514
0.6737831349793346
0.571263747382476
0.6724687764044729
0.6720311572956598
0.672779278606641
0.6226024849248235
0.5181149286248635
0.34788691268700633
0.1413708075270924
0.6273219598415483
0.21172305218541898
0.3203165087677796
0.6071723031796915
0.6226439788402499
0.15568094561123869
0.11766315245015058
0.4189093247989643
0.2822983197800537
0.31439441956801567
0.2438128406565777
0.11114546919913126
0.2589957928348372
0.35825905612889075
0.3191540460830356
0.14670062772095538
0.6721007755202482
0.14930295781457836
0.6009892763761732
0.6733133733526661
0.20197678252219636
0.43078022323175497
0.27118116142799575
0.370919062680834
0.5393034000432069
0.5594013722860871
0.4288959711053253
0.42863476894872676
0.19403779934004983
0.4247134081892686
0.30194179897661483
0.16079319394418057
0.3315098051717827
0.5117703063886151
0.671659681194885
0.6726653797735259
0.40778881432230696
0.47592847962923424
0.536586387044087
0.25409835510385775
0.20871392595446758
0.2413718042286902
0.2593926528563503
0.32164818569735265
0.3501481934979945
0.2719836096510926
0.32944352736567034
0.3516232322086293
0.34716320282733415
0.41134750783498736
0.39211059647955104
0.6679987214490353
0.3147540427411223
0.5062320862920374
0.5722430211443239
0.47579699297001987
0.5002953252105912
0.17556526089416102
0.5356632436058484
0.5098828755202189
0.4425635336705551
0.6670620258562214
0.10251611557338924
0.2088505993600669
0.17559508828252945
0.17559599414010207
0.17561701480035818
0.2954136244428148
0.3140766109424879
0.3965716105744139
0.18577610927099997
0.21360970261773604
0.39981796722437657
0.1370934411789343
0.24368705498144172
0.5190013590494613
0.3193267010506021
0.2947782781054251
0.23267449321009476
0.29083978322918863
0.3163958504087098
0.32188354391366913
0.4305527107634312
0.41867505429508683
0.4333488141927227
0.3784460894333772
0.3370585359423718
0.12034672330819085
0.25013418826995637
0.43254372820676085
0.6277896696730764
0.1294762048739505
0.6226097230357802
0.44750573489425216
0.3062945093487385
0.6284678459475017
0.28925574821782285
0.6219986269005852
0.6671896720941684
0.6268314245761979
0.47779622534619415
0.3281508896291477
0.3887613738837918
0.5316708765694433
0.3742415367503552
0.40106275679059344
0.40903492484037346
0.5949896872900438
0.5870110044009185
0.4473359735585115
0.6678833941988614
0.3786677812290594
0.3086173154238927
0.39190474377450596
0.4059070883439292
0.4368605089529753
0.12714873296802343
0.5340961244353855
0.4616073589050047
0.3364587557155626
0.25052799342406096
0.24596365471049414
0.24656503462810786
0.5100532109579103
0.4117414893636186
0.23170328185592332
0.1387572508367838
0.2864488456205188
0.49113412958605085
0.17557649154172028
0.17560341233186716
0.17560376112500842
0.5364029727704436
0.4948871766123921
0.37707905028837385
0.11176969326307551
0.2517871729292276
0.19640276268580736
0.5577884405601974
0.27599201002493384
0.5101406971122814
0.3754543461358442
0.2844847006471308
0.10416187623438922
0.14614649870720609
0.4664191425588683
0.6636485749420817
0.6622803554100098
0.6448936628424188
0.41413572469223386
0.1481076392747367
0.204818773741549
0.612723308685527
0.3587825318814227
0.27243873729316814
0.17149602074681003
0.49989351317227937
0.4802404398374499
0.14795177375097923
0.6053979227379642
0.4930799336299084
0.5363543385730738
0.4104589048919713
0.624456142435041
0.2316491683344098
0.3559093406248577
0.4702570396919087
0.594266663205151
0.593914266966801
0.61250219518747
0.6697897356357805
0.599557469102291
0.43300679432373673
0.6206092139156685
0.5343890383615031
0.23090576351554498
0.6226110775960622
0.15293111594843922
0.21929262196780164
0.6380488045201362
0.6301730669312591
0.6303281899625505
0.2349175098480964
0.1320703920571593
0.32175665424765976
0.3449450834807252
0.2639113567221992
0.30313637626295065
0.35793366080348776
0.08299649104683837
0.2836931340395055
0.27271074270555296
0.2074980250844758
0.09442115874103019
0.14349143400016406
0
0
0.1406516471148288
0.24934426451085911
-0.06830588127131254
-0.06834090547383198
0.17556515022546904
0.016564802936232303
0.23634376000973611
0.5028685403539136
0.1755705213072568
0.41446041876924467
0.10260651866458848
0.18511852492808334
0.2768386066182696
0.002042502416672476
-0.030381173422139418
0.03211313202597321
-0.06832407534527951
0.13570886568813256
0.15069355750663793
0.09609033945506085
-0.06832979955057483
-0.06830639472093514
0.012816825516687058
-0.06833721701728956
-0.02415769557016667
0.016652400409295165
0.05963133030423007
-0.05903059946076761
0.14765452854936467
0.11818256174910813
0.09482469650983938
-0.029833901180870814
0.09847369572446141
0.03446031738103594
0.20725104218267998
0.06863578232654266
-0.03962139271197207
-0.03864379372106497
0.15219397517713285
0.1527870590287611
0.11263119713929337
0.02537373324290826
0.03636955679971199
-0.06363030834873629
0.06430251295581779
0.1199503292096582
0.06951984666271527
0.04536179837386278
0.13071141916965856
0.1499441172657392
0.43334731932035764
-0.01616022622229607
0.04922773696025573
0.5859732932577071
0.30776087949216074
0.18481499380027278
0.08612298765132875
0.584088698842403
0.24915603269592745
0.09629639496159037
0.08328343671614435
0.031817278210527045
0.02648338659605587
0.07175849050770888
0.14545052706469108
-0.008069141483873388
0.3771567868547769
0.13297135074531097
0.2626869612309203
0.06194177689467295
0.09990721139124148
0.14222392880758394
0.642975551663663
0.028437166935065816
0.11863329369216746
0.66512064890027
0.5479182591410185
0.5059049640129434
0.0433941428278114
0.14791195924196876
0.19173894464309937
0.14810626871274568
0.2874705598671657
0.16496975367941547
0.14216503491526988
0.1421700460749471
0.3728954943963508
0.3970765161757155
0.14217840519608793
0.6716572459092839
0.29604155135337334
0.2643783503549516
0.14808333207309266
0.14216020919862982
0.10080656044202407
0.14215776823037296
0.22229796395578766
0.26687677098555873
0.23764130120252458
0.2889329897525329
0.14214658099638866
0.32048318401164483
0.2273154890730938
0.2907140877825358
0.25927269899155214
0.14168701374231774
0.338905338692833
0.23499002698588406
0.5058539379065945
0.1464209459214072
0.622602625705206
0.3596148286229847
0.5845487886535148
0.29002204886991434
0.12723764557757955
0.4122336298481829
0.37407645401417194
-0.06833940622808188
0.07154489043340573
-0.0683415330009437
0.017849230770737967
0.017746509362797314
0.0868677284461461
0.1537715333059846
0.1560037035832973
0.08071859525516834
0.10825448872927868
0.06682440573759352
0.0589555916277138
0.04084151346269782
0.06148823481131893
0.13517399488636317
0.09182223359642405
0.3044661071422459
0.1665886790363057
0.578870559249828
0.345439992845093
0.14259511652983736
0.17673506168333097
0.13436958711396307
0.4630761609538336
0.18350151263633974
0.013171799717497268
0.12389636857468023
0.20795519815131824
0.4260203397906733
0.35657906986826715
0.38050799728679
0.3464773743863889
-0.06352330903457348
0.25535695435245775
0.2982328546380458
0.49316810014243395
0.1969320608992431
-0.016491270741609942
0.17968493738092928
0.17643902311252757
0.3355798393480545
0.30066045849687206
0.3708423523514621
0.17375395997089182
0.3279315879041949
0.21846640982204868
0.25255203551873967
0.2731831373491667
0.003573611315923264
0.18681328611938064
0.39027473249017186
0.27129085473600056
0.2569491182468289
0.5948627918195117
0.457741300685176
0.37902193270473544
0.5782057285197799
0.47943802998167623
0.26596033857836276
0.2864562316173242
0.3220141435728588
0.3262053201742336
0.1781775137400382
0.07829370708572247
0.21991876665192078
0.30362390019108215
0.43738020211838574
0.20296573218796177
0.3424131015989509
0.24116759512162012
0.24214701678746542
0.17762326551965668
0.17818940323883603
0.249011887270273
0.5304861842332278
0.30211740017165556
0.47983657118173995
0.2644680356180542
0.4208209567364995
0.4213230522251011
0.20682396468402997
0.17682949219317812
0.4423542846329895
0.45610643440608883
0.3145745390596792
0.422030965108661
0.36087641398740306
0.49879145978735423
0.5498236925805519
0.17565325153978262
0.5305317976607555
0.3999945477947724
0.26649181791619053
0.17565161568778986
0.4991996869731565
0.36441278681802747
0.5109896557401011
0.3480637907921315
0.3277531894586428
0.1558037733500217
0.11394804335320718
0.53729670516484
0.14221136648002786
0.3221452138658188
0.474006721466099
0.00641698974624294
0.5012598912646159
0.14851728336145853
0.27406357584151275
0.08762535349818679
0.17562002758357775
0.5623267853714233
0.1756261751061482
0.27732914944976583
0.3306101968416884
0.17561871547600705
0.42070521369769676
0.5308643830946801
0.4916829207999932
0.42548270070615596
0.49854473652340026
0.4303001588271296
0.6118880277037568
0.31021464938793397
0.29085295345296797
0.543717952186948
0.5089482899926105
0.44961595331863935
0.45101543480616163
0.5790606951735566
0.25599354426102905
0.20230546730956356
0.6714145069529864
0.607854729573734
0.42346172251628816
0.14589664432612182
0.6716092273297964
0.5183357294849462
0.32189299698511814
0.1811848846869809
0.0427065053165524
0.11511587878198604
0.1477767198392621
0.1435939229051626
0.6724703983838779
0.3968909665591165
0.17068791974338227
0.10460219673615867
0.6722573448174456
-0.011058720858055593
0.27844271519140984
0.6720075266220344
0.6726717637965214
0.1252334176024651
0.6722517386171529
0.42915039778649844
0.3913377760684969
0.20363388541596184
0.08651457706214849
0.17689279593609564
0.04484577277085022
0.4392186683603557
0.3579853997610839
0.5817958121168756
0.17560250216248863
0.17559827205568357
0.5691673028558111
0.3436087549176521
0.6037562189466545
0.6538236356467326
0.17558805524716803
0.260720390455637
0.6721189047623821
0.3393532773002997
0.3887107604994859
0.2996664391089837
-0.06830406786804644
0.17633970411711763
0.5705135869739345
0.049323244356085594
0.6717873821472222
0.15792079466509001
0.17810826054295414
0.1363151213380026
-0.053208155511420774
0.186591464013956
-0.06257275539254681
0.15677287373413096
0.16483659981683108
0.35917270133941737
0.38673160461215744
0.6714811022016095
0.6715622641816917
0.6301362569483612
0.1715267128643858
0.14144365399654013
0.5773315947224991
0.34651501009453883
0.14818773658529238
0.27875962092336737
0.2548262242516608
0.3683403970432729
0.17818388694861909
0.16346691156040838
0.5626511989095007
-0.06512202472760298
0.1549966559574808
-0.025517657571219265
0.5480393585930904
-0.00523270539513665
0.6718842284455546
0.6719227007368496
0.17575092886441457
0.17559013943666735
0.2952367322946714
0.4698675915815017
0.22309536231463756
0.6715075788037668
0.15085162215930648
0.1421509965941946
0.21572676835307436
0.5086253007992523
0.6717069932949613
0.25419761672335905
0.5953246084854535
0.1756224533911337
0.10360186831982188
0.12281569787013347
0.09626755461577197
0.42018132840640454
0.6636762507153428
0.236359869810226
0.020650189219644566
0.6714372675904334
0.14631091597136714
0.07750511093291268
0.08006602203560631
0.12199727006910777
0.5866132078596072
0.6518648856370202
0.6339052273032618
-0.06833723833001026
0.6729009698520073
0.641637969007931
0.1475824892492269
-0.06830566633694368
0.15190181089891752
0.6420420668232929
0.6680962038357662
0.6378067389374019
0.6570910542080144
0.17644655041101065
0.025938439781382217
0.17602969472379337
0.1773626033490966
0.6300662463026556
0.6045239825931138
0.1739796154493255
0.1755946783366118
0.18326323737122785
0.5890249257320208
0.3382725180387871
0.5709741545472715
0.40333633558744686
0.07554432236148512
0.14215004564870515
0.47757962337785204
0.29164042132268764
0.10450749784518265
0.3945073555624078
0.47724263713048654
0.12061981219807572
0.6717482039681467
0.34044786540011285
0.10154643837563282
0.6669044559020567
0.1756209308018184
0.26506797288483336
0.4046174587450648
0.6294211123593033
0.6723301726097671
0.6721206651063333
0.6718377753865085
0.6335542828909748
0.6587901405591204
0.6226098487999253
0.6271486173756713
0.6714227718302485
0
0.17561869907492977
0.34893424834008885
0.6717800846934042
0
0.2166606987802827
0.23072855634571116
0.6715715388028504
0.6733736488522077
0
0.14292267682128235
0.40867421347751354
0.06676225084220144
0.15942336894708986
0.4825939292504635
0.1760924438923438
0.6718602787999781
0.61367809980115
0.6040931316719156
0.6323532446278705
0.5265702471687195
0.32084117455633815
0.4750693425886894
0.6485462041287317
0.32517791324440715
0.6622556191002895
0
0.05889481326452273
0.6717727255433983
0
0.5762939811326766
0.6714591231384897
0
0.6681002015306069
0
0.25662463874789815
0.6720607323360103
0
0.6370015486126566
0.6112270450117314
0.6731215493228512
0
0.33520423104954117
0.20549961133968064
0.3728995994471978
0.10253884133254931
0.6437477131060403
0.2575859877883125
0.6733452318504681
0.15520248463891462
0.38773596441151953
0.39609134869205226
0.6715407845961278
-0.042704647771012016
0.671807973590439
0.6718069156523875
0.32209924499849135
0.23164393930766758
0.2821639206296061
0.6715153356941644
0.6734450722923719
0.6719437683925933
0
0.2512751427612973
0.6737656731659566
0
0.4096087932039303
0.3071849054021047
0.30195443823918816
0.44307966474093513
0.600171379367838
0.5636996409449021
0.23285217435525324
0.6481532404240392
0.38293534005956675
0.35630531655234243
0.6731131294243577
0.6717439781403709
0
0.13373445201895506
-0.06833237744675114
0.6722579059810487
0.3844416556914835
0.09103866494551249
0.07243827928182833
0.6718758323429059
0.4477428643797651
0.14700310266242522
0.37361783372110835
0.12086452944060166
0.3583418634362192
0.6726859199853183
0.67315752169835
0.6719854361916251
0.411675885806706
0.14811788959150507
0.3070203432162629
0.6582727034449075
0.2290068355880337
0.3731620328259183
0.5797046753854217
0.13362849983009228
0.34993159327355666
0.0812567778158515
0.14817867515533145
0.1812604972166587
0.38495050778917644
0.12633794707516466
0.08050388080085136
0.5975497662180708
0.6723678419429389
0.6726261156361861
0.6663421653854408
0.6092359944804262
0.14445592599522972
0.2546159454104765
0.665297868494083
0.14215383828027495
0.20211410957655318
0.2346982463765821
0.10463689777136798
0.34118351901040894
0.2689764167119511
0.33673319188249734
0.08183994967532926
0.057556802335949064
0.14603569517190118
0.40101875661213476
0.22273927097374813
0.14165364097968236
0.3568347179084428
0.6226349507271332
0.49237260412224704
0.23613509289555928
0.17523375184924728
0.3628298623618195
0.6722834687440615
0.13120496094144873
0.20856303919437313
0.14417972783791888
0.14215334720120432
0.6224308910014063
0.20153928235125707
0.20636812116400494
0.19632626799702246
0.6200772990386301
0.6656315642364782
0.6735649254519569
0.1421451487049329
0.43620957558562123
0.4228458421550835
0.6718012603436676
0.11399421572175084
0.14214704389633137
0.5129236147550954
0.6721142116290005
0.6727163728943782
0.6655727885405582
0.6181441614150052
0.5174008611030086
0.6725906940474456
0.6459000968231422
0.6722644959250053
0.6715917134160229
0.6720416607894827
0.5490890622202835
0.1421491392661245
0.29817015047850637
0.6716959178555727
0.6565303974138988
0
0.500312490049924
0.6031425261099783
0.5352827747554649
-0.06825556921934972
0.3842397517773502
0.06393545028942915
0.03037945419551813
0.009094124336370912
0.013037172240028094
0.020022683279447562
0.05288311494006459
0.054954212332003705
-0.018334664801969325
0.054372913537302114
-0.006676928500472079
0.0009257780490029566
0.07134708009356872
0.009032861406537473
0.01787506772988323
0.00027624103225498686
0.026767934877438893
-0.01910945322309643
-0.011662220750789376
0.05797165860153086
-0.0044508484496541545
0.03826333965922424
0.04326106963569021
0.013760021561299074
0.04879130722606939
-0.02102433118098579
0.07549104090692338
0.06508281618351097
0.008633383128999195
-0.01889015405514949
-0.006915122853050071
0.020621484155076475
-0.013272165036312455
0.034973439193535905
0.019591730924265582
0.062458246212627855
0.032936096335146936
0.04330160883775336
-0.005446263442921984
-0.0074549086115591745
-0.0009701914709446813
-0.007806998332489878
0.011806493986706745
0.05473894648450961
-0.06834399072404795
-0.06834313204767728
-0.06834393388927285
0.28753221763459813
0.0004318275467402044
0.17555468237343308
-0.06834284912218025
0.26952192312491596
0.19324391990559586
0.6007590457788156
-0.06834403763980357
0.5154847157740494
0.3459887450977189
0.050160830296607006
0.3872220034246037
0.25929369460029555
0.5355301032328447
0.3340887616956126
0.28173709662991336
0.03996442028024205
0.5230562883895951
0.33532713453463575
0.09861527315750407
0.08238725296669092
0.16855628001183998
0.07335670178655596
0.018312838874886328
-0.009620830919437218
0.12802060016993144
0.13122251596194157
0.03674182130920334
0.13852833056603708
0.04880417759615041
-0.06833580143662632
0.17238055337682234
0.13456902602052745
0.16120525743445357
0.15424414281174814
0.050248508032809114
-0.06834379009076863
0.10167069156612218
0.04280861268013303
0.13950405539947885
0.021377052521143525
0.014998826370175578
0.05611453848096515
0.14818257551415304
0.06810065647516717
0.11842198348498789
0.15829983998646535
0.17559755437892854
0.17561456243143025
0.17561533089428827
0.1756154063152704
0.14214639933359852
0.1756143738654622
0.17560250247541231
0.17561001507176677
0.3026266168395866
0.08143931082400635
0.1755944176779285
0.1756037454644782
0.17559065717896327
0.1756181377632795
0.6456314488536069
0.580089278473836
0.17559336007058524
0.17559885546254828
0.1755978826910174
0.4300965412633885
0.14449983283868584
0.36774461351709525
0.17560109006937252
0.20180171416018333
0.11055579880845157
0.635969209924819
0.17559508989307915
0.43828474499305714
0.671714389799097
0.17559907881731351
0.1756001703635507
0.17560326469605525
-0.06832094160828528
0.6718598167519929
0.17955813091622286
0.1439496885872864
0.2287417722117318
0.15932084340751107
0.43827232617962547
0.4843850724909787
0.6725469980154114
0.539803065779703
0.050921094661680044
0.15530876386289993
0.17559833413050785
0.17560053505096151
0.6011525897331597
0.17559795320098137
0.17559752276475327
0.17558182581555426
0.17559651852171365
-0.06833156258608253
0.17558647168545272
0.1755930211001292
0.39977949741824187
0.2943662885098692
-0.004917514538446577
0.1755936444063635
0.12648020865591936
-0.06833331653082042
0.14214640393494316
0.637942856359004
0.14214597985753685
0.6334989033826692
0.14214901137428615
0.1422148352979159
0.14219312616224222
0.14220907339001476
0.142153602023254
0.14338738247673544
0.14256586820516082
-0.06820470181518679
-0.024282879386493428
-0.06833120818193783
-0.06830551134906804
0.2627644154722547
0.22705488561455162
0.12623601706079945
0.10078901652193217
0.37777975562491856
0.6705604211384923
0.17754740603475994
0.17557282667557572
0.175610827391244
0.42421843521743385
0.623535762957907
0.17814641416518107
-0.022175973723076003
0.6715114798514052
0.45215381136210325
0.09197641225459441
0.5835033439041604
0.3131950925493377
0.17329819031303073
0.5546352524302189
0.29532670815574635
0.3847763731234843
0.5737298533768824
0.41103503145628756
0.5167333530916238
0.17811839591031564
0.3890296505974172
0.3986835703754866
0.5680277282029423
0.36077849664032635
0.5898139009491982
0.5550277294485322
0.31156763037958696
0.5126604810201227
0.3025492786885624
0.1788510656079308
0.6315932103215854
0.6039789872681094
0.4144882309707758
0.311284538028551
0.11736931228761116
0.1949532680850361
0.17562498470868204
0.5750998343618414
0.17484609691684744
0.53822452890202
0.6431275315274264
0.37178892883666176
0.17817018005432095
0.6461976147688838
0.2612096762658434
0.6718805978213521
0.34200705011062105
0.1544134295063212
0.1178897371864327
0.54212844592104
0.24096476334773165
0.27418251665897186
0.6480828079140442
0.17559831755572086
0.6660418400346079
0.180246203681806
0.4047614133345577
0.6716346327555252
0.6365162556497885
0.6444077444617903
0.657357792557701
0
0.1756938810562142
0.6082445156812805
0.6596226178908406
0
0.37424792366442433
0.28663242521701127
0.5555952612250525
0.16607923109430056
0.28752046682510274
0.1734221938013577
0.6719511320636555
0.17783226895610182
0.3637616775459951
0.5049885710042362
0.3955831526269674
0.6718134771780637
0.6660956224573956
0.47905490786639693
0.6328911742501407
0.6599014047782682
0
0.17629827616076166
0.17574489937689475
0.6681404354597054
0
0.17271690252459682
0.16977473440615287
0.17810409456686727
0.6655007478423105
0.1777513969535537
0.33427426746630157
0.41741584243221874
0.2691037560607105
0.23943798057276505
0.2628566029741722
0.6009673655309613
0.6674342045874314
0.1717056576244821
0.1716128692996659
0.6661889347481197
0.6381275545785533
0.6734679005488319
0.4447853505687721
0.010311125925339115
0.6382180189665279
0.6377629319219242
0.6299578372096997
0.6726715110262977
0.659820105362484
0.2999501887854427
0.6633289071564449
0
0.56605137388196
0.3280142749916798
0.6553305696491085
0
0.4545671808027176
0.5985297890294622
0.6372270139570944
-0.0683254194537416
-0.06833404663417564
-0.0683185501688115
-0.0683438151041793
0.30195017034630733
-0.06830458764654213
-0.0683292337179573
0.3905029715105814
0.6612197072237875
0.14214691585740402
0.19767923407301113
0.20090038820512712
0.20332685239867987
0.09401134751086604
0.2956082268905606
0.392925493962616
0.1421772148945668
0.6738983259184496
-0.06830471259396143
0.2714328576669015
0.42860365284223223
0.16666860486585255
0.1354168749793334
0.09851021357467771
0.3756342941504214
0.03465460627329253
0.5590881650170667
0.1681908752655188
0.5783433909495234
0.13894012969120206
0.17813106236241982
0.16047118550789197
0.28541239724315526
0.16792514223573407
-0.06833412029553398
0.344553669044206
-0.06833320927479769
-0.06832261363963776
-0.06832615192672353
-0.06832798380771599
-0.0683343013914256
0.1150535928250005
0.07223104228323629
0.11666267217721149
0.1421551011866875
0.38897136681131744
-0.0683316739036014
0.004962752268395487
0.6716956469221668
0.3934525941122709
0.1937469061278011
0.37931630643064657
0.2308652822955613
0.06415157367679247
0.6731310833515531
0.05354672955088968
0.6715756730365773
0.14215769392884603
0.14725287063289738
-0.04679599993971473
0.6715743547671981
0.5318611342769252
0.1526424068864185
0.23520474107712103
0.06208083857800617
0.2895491004376786
0.1138974352342933
0.1626871944320526
0.37435094875630653
0.6726989646713872
0.5658171778620603
0.5458783513444023
0.01719788465134575
0.49580482643187873
0.4150684015212299
0.6723472967700388
-0.06831751946657316
0.6718177821287067
0.6226006919096798
0.6714784366198276
0.2615177073951335
0.6681879140700714
0.6462506477505539
0.546304670144832
0.5496594417943369
0.14219687087917543
0.4016559707318064
0.5890193799678187
0.3688756295000467
-0.0051793442460630335
0.3034401864073061
-0.022001348987571334
-0.06832030554732993
0.1439716390790734
0.1406074733543281
0.6351666510765208
0.3007265917958958
0.6717990271263872
0.03563916348698093
0.45999237653588215
0.5287988551028832
0.5292000728825396
0.13257180260614676
0.5112686430123923
-0.06830480157036378
-0.06832668674219144
0.35627793938686164
0.6226876485451107
0.06651169656918454
0.4709706708284904
-0.06832482109245319
-0.06831960615855148
0.14215280132788644
-0.06832066600611841
0.37535015185668064
-0.06831459747504476
-0.06832447654546425
0.14214707056016895
-0.06831180878903287
-0.06831182148919757
-0.06832535069362855
0.14214793957274152
-0.06832548843806907
-0.06832237773107286
-0.06832150131280212
-0.06831420861628912
0.051313431914756125
-0.06830951334826252
-0.06831488666883723
-0.06830349716876394
-0.0683325509709598
-0.06831819802074979
-0.06830347711016638
-0.0683404563898734
-0.06832453013771056
0.3193631775161732
0.6715519261322844
0.17240889796166736
0.16670710054817506
0.40013914730838335
0.1272037838047
0.0074792900258771056
0.14214554058223228
0.2495814466108111
0.24978077228743256
-0.06830703537767058
-0.051071026256631846
0.14219329705293549
0.14152228002832123
0.14214532835458826
0.1466222147627475
0.35300033760602395
0.29169979699418874
0.4709022982092845
0.14218506256324015
0.10795649290709985
0.43927155234268006
0.0662172843817993
0.47203990340603597
0.14214791393836668
0.3140192352314897
0.025335051605073655
-0.06832808784204969
0.4377266741060761
0.6256465770178596
0.3218386741260131
-0.06831450323635513
-0.06831527477113886
0.14214655942999488
0.095126232590524
0.14219176301186287
0.6720347374287906
0.14214660046897187
0.3506350521539166
0.3001117344004748
0.34820867833608626
0.34765611177330047
0.11978622139784267
0.3625529905092209
0.36022711600262236
0.2257114944282167
0.14214710828311639
0.5114922163600539
0.1421590067044548
0.6226339676942323
0.32801912357813057
0.324394852997237
0.30956472849684036
0.38367517833225523
0.27541630321253646
0.1421471335893082
0.2564702292175336
0.6144032369484766
-0.06815542477211989
0.31189674512194604
0.14214753056604423
0.21135591764079847
0.6226041645642091
0.1480651874047988
0.012977536073014662
0.14290517072278597
0.315828132910397
-0.005983481180154238
0.0981159199402909
-0.06832762325079766
0.2603696693527538
0.03898616636408403
0.08801266794905904
0.6299849279190582
0.6720142003852745
0.6226056528338813
0.47494802350997256
-0.030871468988258766
0.06140524675378589
0.33473968702593115
0.10436747975154514
0.11534032303062447
0.142147794492002
0.19222787646407957
0.13615360758774542
0.047719765480890075
0.03486623576375836
0.09137650310454293
0.2589370604898536
0.17241768726776574
0.248367156543556
0.022821683038974028
0.1421472338829629
0.14792619569266863
-0.017660166452161397
0.08582410104235716
0.636981462026426
0.2613503458130567
0.15810819990207692
0.1520569507845494
0.029476988898044176
0.1440958793776489
0.14289078775763886
0.15323900079814512
0.6426187663873295
0.6675357194226943
0.14214647681929748
0.6723970873715928
0.07959907628922669
0.6282642942586187
0.5503045468356205
0.6226012942282352
0.6226398010178156
0.1422138393592196
0.5894442333123945
0.6716423795794372
0.1421468709269592
0.6714224525208302
0.14513064310872836
0.67288410019139
0.142150493300631
0.4278250407255131
0.6698966267666802
0.47001832391272963
0.06563893312402769
0.1285863910065721
0.4020519827952864
0.14219882697354758
0.6726466844907836
0.6718604352905159
0.3664215188482948
0.5633978058384781
0.6695381092545813
0.6127226254451129
0.14214947721997617
0.121178838545835
0.14238826746106947
0.4673519523500945
0.33423770722063
0.14219748369055885
0.44416566438498095
0.6077638156951779
0.49846922187059073
0.6720174218577378
0.6372478848831109
0.1440744913008235
0.6727716814037469
0.6305678063461219
0.633091824250561
0.42472416243752525
0.658275902578979
0.3455604415004228
0.14474052561263417
0.5330700319415376
0.6282937931876034
0.6719640533346692
0.42542487523600586
0.16872350335967057
0.13690279233817348
0.14220805594544816
0.6526526744653899
-0.47522654472343145
0.5528709113149423
0.1506467453489887
0.14215415833710154
0.6719036525767179
0.3676154977092511
0.2665607865825491
0.08252507159132405
0.10373572732222214
0.671827215563294
0.6363493600734221
0.6496191188294547
0.41838469559566377
0.598989290467311
0.6716101326001903
0.9510544774191682
0.9510544774191682
0.9510544774191682
0.9510544774191682
0.9510544774191682
0.9510544774191682
0.9510544774191682
0.9510544774191682
0.9510544774191682
0.9510544774191682
0.9510544774191682
0.9510544774191682
0.9510544774191682
0.9510544774191682
0.9510544774191682
0.9510544774191682
0.9510544774191682
0.9510544774191682
0.9510544774191682
0.9510544774191682
0.9510544774191682
0.9510544774191682
0.9510544774191682
0.9510544774191682
0.9510544774191682
0.9510544774191682
0.9510544774191682
0.9510544774191682
0.9510544774191682
0.9510544774191682
0.9510544774191682
0.9510544774191682
0.9510544774191682
0.9510544774191682
0.9510544774191682
0.9510544774191682
0.9510544774191682
0.9510544774191682
0.9510544774191682
0.9510544774191682
0.9510544774191682
0.9510544774191682
0.9510544774191682
0.9510544774191682
0.9510544774191682
0.9510544774191682
0.9510544774191682
0.9510544774191682
0.9510544774191682
0.9510544774191682
0.9510544774191682
0.9510544774191682
0.9510544774191682
0.9510544774191682
0.9510544774191682
0.9510544774191682
0.9510544774191682
0.9510544774191682
0.9510544774191682
0.9510544774191682
0.9510544774191682
0.9510544774191682
0.9510544774191682
0.9510544774191682
0.9510544774191682
0.9510544774191682
0.9510544774191682
0.9510544774191682
0.9510544774191682
0.9510544774191682
0.9510544774191682
0.9510544774191682
0.9510544774191682
0.9510544774191682
0.9510544774191682
0.9510544774191682
0.9510544774191682
0.9510544774191682
0.9510544774191682
0.9510544774191682
0.9510544774191682
0.9510544774191682
0.9510544774191682
0.9510544774191682
0.9510544774191682
0.9510544774191682
0.9510544774191682
0.9510544774191682
0.9510544774191682
0.9510544774191682
0.9510544774191682
0.9510544774191682
0.9510544774191682
0.9510544774191682
0.9510544774191682
0.9510544774191682
0.9510544774191682
0.9510544774191682
0.9510544774191682
0.9510544774191682
0.9510544774191682
0.9510544774191682
0.9510544774191682
0.9510544774191682
0.9510544774191682
0.9510544774191682
0.9510544774191682
0.9510544774191682
0.9510544774191682
0.9510544774191682
0.9510544774191682
0.9510544774191682
0.9510544774191682
0.9510544774191682
0.9510544774191682
0.9510544774191682
0.9510544774191682
0.9510544774191682
0.9510544774191682
0.9510544774191682
0.9510544774191682
0.9510544774191682
0.9510544774191682
0.9510544774191682
0.9510544774191682
0.9510544774191682
0.9510544774191682
0.9510544774191682
0.9510544774191682
0.9510544774191682
0.9510544774191682
0.9510544774191682
0.9510544774191682
0.9510544774191682
0.9510544774191682
0.9510544774191682
0.9510544774191682
0.9510544774191682
0.9510544774191682
0.9510544774191682
0.9510544774191682
0.9510544774191682
0.9510544774191682
0.9510544774191682
0.9510544774191682
0.9510544774191682
0.9510544774191682
0.9510544774191682
0.9510544774191682
0.9510544774191682
0.9510544774191682
0.9510544774191682
0.9510544774191682
0.9510544774191682
0.9510544774191682
0.9510544774191682
0.9510544774191682
0.9510544774191682
0.9510544774191682
0.9510544774191682
0.9510544774191682
0.9510544774191682
0.9510544774191682
0.9510544774191682
0.9510544774191682
0.9510544774191682
0.9510544774191682
0.9510544774191682
0.9510544774191682
0.9510544774191682
0.9510544774191682
0.9510544774191682
